10000000000010350008400041700000000
10000000000010370000100023700000000
10000000000011280000900128900000000
10000000000011930000300050800000000
10000000000012030000100006100000000
10000000000012040004000023500000000
10000000000012210000300013000000000
10000000000012260000100008100000000
10000000000013120000500001700000000
10000000000013400008400066600000000
10000000000013460000500047800000000
10000000000013570008600058900000000
10000000000013810006800021100000000
10000000000013830002300016000000000
10000000000013840002000026800000000
10000000000013850006400084700000000
10000000000013860000200039600000000
10000000000014060007000011500000000
10000000000014070000200017400000000
10000000000014320001000003900000000
10000000000014340000200012100000000
10000000000014350004400044300000000
10000000000014360000300020200000000
10000000000014370000500061200000000
10000000000014600000500047600000000
10000000000017320000100012100000000
10000000000017330000300039900000000
10000000000017340001300006700000000
10000000000017480000200023100000000
10000000000017490000700124200000000
10000000000017510061600056100000000
10000000000017520006200039500000000
10000000000018010028400163900000000
10000000000018020000100013100000000
10000000000018110015800068400000000
10000000000018250001000118700000000
10000000000018270000400004200000000
10000000000018720000100020900000000
10000000000018810103400014000000000
10000000000018840000500033200000000
10000000000018850003100019100000000
10000000000019610000100011100000000
10000000000020110001100009300000000
10000000000020120037800045800000000
10000000000020720006000027400000000
10000000000020740012000036100000000
10000000000020840000100109100000000
10000000000023360000100013100000000
10000000000023370000100019800000000
10000000000023380000600121400000000
10000000000026290001600003200000000
10000000000030220012600080300000000
10000000000030230015600036800000000
10000000000030240006400020600000000
10000000000030250019500101900000000
10000000000030260015300030900000000
10000000000053370006300051200000000
100000000000G8460007600062600000000
