10000000000001690013400066500000000
10000000000069010001100006300000000
10000000000069020005500033800000000
10000000000069030001500009900000000
10000000000069050014700115200000000
10000000000069060006800153300000000
10000000000069070121000917300000000
10000000000069080011400096800000000
10000000000069090001000007300000000
10000000000069100005200188900000000
10000000000069110008500068900000000
10000000000069170011600127000000000
10000000000069190002300013600000000
10000000000069200000600011600000000
10000000000069210002300015300000000
10000000000069220002300012700000000
10000000000069230003800025900000000
10000000000069240029700198500000000
10000000000069250001400031600000000
10000000000069270015400106800000000
10000000000069280015200216100000000
10000000000069310004200031100000000
10000000000069320002100011800000000
10000000000069330006500052500000000
10000000000069340000600024300000000
10000000000069350005600152700000000
10000000000069360000800101000000000
10000000000069370000400035800000000
10000000000069380009100089500000000
10000000000069390008500051600000000
10000000000069400024500221000000000
10000000000069410001600011900000000
10000000000069420012000094800000000
10000000000069430000700005000000000
10000000000069440010700075100000000
10000000000069450002100012200000000
10000000000069460028200120000000000
10000000000069470001800010100000000
10000000000069480004200037300000000
10000000000069490000200006100000000
10000000000069500000300013800000000
10000000000069510009400221600000000
10000000000069530002100058500000000
10000000000069580003400044700000000
