10000000000320020006000053800008380
10000000000320030004200035100005880
10000000000320040000100001700002400
10000000000320050000200032500072960
10000000000320060000100004200001130
10000000000320070000300020800009270
10000000000320080000800059800073740
10000000000320310000900056500010240
10000000000320330000700004400000710
10000000000320620000200101500009400
10000000000320630004300013600008450
10000000000320640002500104200036200
10000000000320650016700048300028500
10000000000320660000100007100000930
10000000000320670000100016300003090
10000000000320680000100010000015150
10000000000320910000100013400003360
10000000000320920001100016100002550
10000000000320930000100009600002810
10000000000320940005500035800009910
10000000000320950000200015900011350
10000000000320960019800055200040620
10000000000320980004200014400003050
10000000000320990008300037300009740
10000000000321220010900143200011050
10000000000321320000300071400015490
10000000000321330000600144700037180
