  EMC          NO#107
   
                   中華海事檢定社                   
    China Marine Surveyors & Sworn Measurers' Co.    
   
           LIST OF CARGO MEASURE & WEIGHT          
===================================================
船名&航次: EMC  3/26	    結關日期:2009/3/26
船 公 司 : 		    電話:034824926#706 小李
貨 櫃 場 : C.M.T.L    傳真:03-4817179 小李
航線/港口: EMC	    手機:0915115675 小李
===================================================
       核對   單號   件數   體積(立方公尺)   重量
==== ====== ====== ======  ==============  ======
              7417      5           5.92      0.0
              7418     89           5.07      0.0
              7419      1           1.45      0.0
              7427     25           0.50      0.0
     未核對   7438     20           1.54      0.0
              7451      1           1.34      0.0
              7452      3           4.53      0.0
     未核對   7454     67           4.63      0.0
              7670     37           3.27      0.0
              7671    166           6.62      0.0
     未核對   7673     71           4.28      0.0
              7675      3           5.25      0.0
              7676      1           0.73      0.0
              7677     51           3.45      0.0
              7678     73           1.58      0.0
     未核對   7680    180           9.33      0.0
              7682      1           0.62      0.0
              7684      2           4.74      0.0
==== ====== ====== ======  ==============  ======
            Total:    796          64.85      0.0


超大超小尺寸資料:
頁次單號 板數堆量 件數包裝  長  寬  高  體積單重總重
===================================================
219 7417            2     110 110  93  2.25    0.0
211 7417            3     107 110 104  3.67    0.0
219 7418   2       89      23  42  59  5.07    0.0
214 7419            1     101 101 142  1.45    0.0
202 7427            1      21  61 130  0.17    0.0
202 7427     堆量  24      23 101 143  0.33    0.0
118 7438           20      42  36  51  1.54    0.0
214 7451            1     114 114 103  1.34    0.0
214 7452            1     110 110 111  1.34    0.0
214 7452            2     110 110 132  3.19    0.0
901 7454     堆量  23     115 146 163  2.74    0.0
901 7454     堆量  44     142 120 111  1.89    0.0
118 7670           24      63  33  44  2.20    0.0
118 7670     堆量  13     121 145  61  1.07    0.0
219 7671   2      104      28  29  44  3.72    0.0
219 7671           26      29  29  41  0.90    0.0
219 7671     堆量  23      72 113 141  1.15    0.0
219 7671           13      28  43  54  0.85    0.0
122 7673     堆量  32     121 146 145  2.56    0.0
122 7673     堆量  39     121 142 100  1.72    0.0
228 7675            1     102 121 173  2.14    0.0
228 7675            1     102 121 122  1.51    0.0
228 7675            1     102 121 130  1.60    0.0
214 7676            1      81 121  74  0.73    0.0
124 7677   2       43      28  39  64  3.01    0.0
124 7677            8      35  39  40  0.44    0.0
122 7678     堆量  73     121 145  90  1.58    0.0
118 7680            4      55  28  26  0.16    0.0
118 7680            1      33  17  18  0.01    0.0
901 7680   4      175      53  52  19  9.16    0.0
225 7682            1      80 118  66  0.62    0.0
225 7684            2     114 135 154  4.74    0.0
