10000000000006950037700274900000000
10000000000007250038300165900000000
10000000000008810003000013900000000
10000000000008820000100010400000000
10000000000008830000800108400000000
10000000000008840000100019600000000
10000000000008850000300042600000000
10000000000008860015600082000000000
10000000000008870000200035100000000
10000000000008880000100029200000000
10000000000008890000300016700000000
10000000000008900006400018900000000
10000000000008910004000010100000000
10000000000008920001000005100000000
10000000000008930002000008500000000
10000000000008940007000028800000000
10000000000008950001700012000000000
10000000000008960000400002300000000
10000000000008970001600012200000000
10000000000008980008000031700000000
10000000000008990000400005100000000
10000000000009000003000027900000000
10000000000012000002700008400000000
10000000000012010001800084500000000
10000000000012020002500031500000000
10000000000012030000400002400000000
10000000000012040000200026100000000
10000000000012050000100011000000000
10000000000012060000200022900000000
10000000000012070000200035600000000
10000000000012080000200029700000000
10000000000012090000700046900000000
10000000000012100003200016700000000
10000000000012300000300064000000000
10000000000012310000400053800000000
10000000000012320028500062200000000
10000000000012330000100012400000000
10000000000012340031600160200000000
10000000000012350001000115600000000
10000000000012360000500097400000000
10000000000012370000700094700000000
10000000000012380030000082600000000
10000000000012390000100021100000000
10000000000012400000700070500000000
10000000000012410000100015800000000
10000000000012420000200022400000000
10000000000012430011900021400000000
10000000000012440002700158000000000
10000000000012450023600163300000000
10000000000012460002200007200000000
10000000000012470002700011800000000
10000000000012480011100087500000000
10000000000012500000100004800000000
10000000000012520000800082100000000
10000000000012530002200012200000000
10000000000012580005800135300000000
10000000000012590001400006000000000
10000000000012900000300067000000000
10000000000012960004500147000000000
10000000000013860006400034700000000
10000000000013870000800003300000000
10000000000013880000100006400000000
10000000000013890000300037000000000
10000000000013900000500001400000000
10000000000013910000200032000000000
10000000000013920001000008300000000
10000000000013930004300009900000000
10000000000015310004000029800000000
10000000000015320000200036000000000
10000000000015340000400053400000000
10000000000015350000400049800000000
10000000000015370008300019900000000
10000000000015380000200032600000000
10000000000015390000100002400000000
10000000000015400001000002600000000
10000000000015410000600020500000000
10000000000015420000400052400000000
10000000000015430000500065500000000
10000000000015440000400055000000000
10000000000015460005300013900000000
10000000000015470000100011900000000
10000000000015480000100012700000000
10000000000015490000400025100000000
10000000000015500000100009700000000
10000000000015510000300066700000000
10000000000015560000600057000000000
10000000000015610000600061500000000
10000000000015620000600043600000000
10000000000015630000300009300000000
10000000000015640000100061700000000
10000000000015650000100006400000000
10000000000015660000100006400000000
10000000000015670000100003900000000
10000000000015680000100005000000000
10000000000015690000500060700000000
10000000000015700000400019800000000
10000000000015710000500001500000000
10000000000015720000200000700000000
10000000000017860000300024800000000
10000000000017870005700010900000000
10000000000017880000100014900000000
10000000000017890006600055300000000
10000000000017900000300058400000000
10000000000017910000100009800000000
10000000000017920000100015600000000
10000000000018130000500053800000000
10000000000018310021100078100000000
10000000000018320000500061600000000
10000000000018330000400036700000000
10000000000018340001000002800000000
10000000000018350002500014800000000
10000000000018360004700036300000000
10000000000019010031500128600000000
10000000000019020020300078900000000
10000000000019030006400025900000000
10000000000019050003400009800000000
10000000000019070000700038000000000
10000000000019080000400025400000000
10000000000019090000400091300000000
10000000000019100000600013800000000
10000000000019110000100039100000000
10000000000019120000200020800000000
10000000000019130000200019600000000
10000000000019140000200013800000000
10000000000019160001700008200000000
10000000000019170000800001200000000
10000000000019180000900007800000000
10000000000019190004200019400000000
10000000000019200000300061600000000
10000000000019210012700029700000000
10000000000019220000300046900000000
10000000000019230000100002200000000
10000000000019240000500108100000000
10000000000019250000300034800000000
10000000000019260001600013000000000
10000000000019270003700013100000000
10000000000019280000600002600000000
10000000000019290015500108100000000
10000000000019300049400222800000000
10000000000019310001700007900000000
10000000000019320000300030700000000
10000000000019330000100004000000000
10000000000019340000500038200000000
10000000000019350000100006400000000
10000000000019370000100011200000000
10000000000019380001200001900000000
10000000000019390000100007100000000
10000000000019400000300002200000000
10000000000019410016600049300000000
10000000000019430002100122500000000
10000000000019440000200019300000000
10000000000019450000300023900000000
10000000000019460001300089700000000
10000000000019470000500033500000000
10000000000019480000300023000000000
10000000000019490000500040300000000
10000000000019500024600070600000000
10000000000019510017400086800000000
10000000000019520011100053400000000
10000000000019530003100012500000000
10000000000019540003200005500000000
10000000000019550023800103600000000
10000000000019560001200002500000000
10000000000019570000200034800000000
10000000000019580000200016600000000
10000000000019590001400034700000000
10000000000019600000700024700000000
10000000000019610000400031400000000
10000000000019620005000025000000000
10000000000019640000300033900000000
10000000000019650000800008000000000
10000000000019660006600106200000000
10000000000019670000600055800000000
10000000000019710005000038000000000
10000000000019720001000012000000000
10000000000019730003800029800000000
10000000000019740006500041200000000
10000000000019750000100021800000000
10000000000019760027700058000000000
10000000000019770000100013400000000
10000000000019780018500054100000000
10000000000019790002900026000000000
10000000000019800000100015700000000
10000000000019810000600069800000000
10000000000019820005000022700000000
10000000000019830001900007900000000
10000000000019840002500012500000000
10000000000019850016200039300000000
10000000000019860000800089400000000
10000000000019870000300031000000000
10000000000019880000100007900000000
10000000000019890000100014300000000
10000000000019900000100010100000000
10000000000019920000200001200000000
10000000000019930000600045500000000
10000000000019950000800004800000000
10000000000020810027800110000000000
10000000000021230000700035300000000
10000000000021240000100002600000000
10000000000021390002200298900000000
10000000000021400000500040500000000
10000000000021410001300065300000000
10000000000021420000300044600000000
10000000000021430000100009400000000
10000000000021490000900185600000000
10000000000021500001600233400000000
10000000000025360000800006900000000
10000000000032010012500054200000000
10000000000032020017900083300000000
10000000000032050000100019000000000
10000000000032060000800194500000000
10000000000032070000200027700000000
10000000000032080003400025400000000
10000000000032090001700005100000000
10000000000032100000100008900000000
10000000000032120001200005400000000
10000000000032130000300064600000000
10000000000032150001800014000000000
10000000000032160000100011600000000
10000000000032170002000008500000000
10000000000032180000100015400000000
10000000000032190018000042800000000
10000000000032200000800002000000000
10000000000032210011400031500000000
10000000000032230003500019300000000
10000000000032240000200021800000000
10000000000032250000100023400000000
10000000000032260004200011400000000
10000000000032270002800020700000000
10000000000032280000200024200000000
10000000000032290007300031600000000
10000000000032300000500055400000000
10000000000032310000100017600000000
10000000000032320003900012400000000
10000000000032330004500045800000000
10000000000032340004000050800000000
10000000000032350000200002900000000
10000000000032360000200019900000000
10000000000032370001800015500000000
10000000000032380000200042200000000
10000000000032390000100006600000000
10000000000032400000600051100000000
10000000000032410000300024400000000
10000000000032430050000055100000000
10000000000032450022300038600000000
10000000000032460002500042200000000
10000000000032470000400047300000000
10000000000032480010300037300000000
10000000000032510000400033000000000
10000000000032520000100008900000000
10000000000032540000200028800000000
10000000000032550000100003100000000
10000000000032560000100003200000000
10000000000032570001700008900000000
10000000000032580000400052500000000
10000000000032590003000014200000000
10000000000032600003100018300000000
10000000000032610000300020000000000
10000000000032620001400008000000000
10000000000032630000100011000000000
10000000000032640001400006300000000
10000000000032650000100024700000000
10000000000032670000400046200000000
10000000000032680003000032600000000
10000000000032690012800105600000000
10000000000032700000300006000000000
10000000000032710002700017900000000
10000000000032720000600051300000000
10000000000032740000100007100000000
10000000000032760000300031200000000
10000000000032770000100006100000000
10000000000032780000300002800000000
10000000000032790002500014900000000
10000000000032800009600046000000000
10000000000032820000500106200000000
10000000000032830000100007200000000
10000000000032840000600051900000000
10000000000032850000200021700000000
10000000000032860002900021800000000
10000000000032870001100006300000000
10000000000032910007200035800000000
10000000000032920000700004000000000
10000000000033520036300225600000000
10000000000033530031500219600000000
10000000000040390007400037800000000
10000000000040410015300058200000000
10000000000040420010600070800000000
10000000000040430004000022800000000
10000000000040440004300027900000000
10000000000040450003000028800000000
10000000000040460001100007300000000
10000000000040470027900203000000000
10000000000040480017900113700000000
10000000000040490005900044000000000
10000000000041860055600257700000000
10000000000043560000100025100000000
10000000000043600000200007700000000
10000000000043610000200019300000000
10000000000043710010500029800000000
10000000000044720000700002700000000
10000000000045110000100011500000000
10000000000045120003800018700000000
10000000000045210000300019200000000
10000000000045220004800024600000000
10000000000045300017600260400000000
10000000000045310021200115300000000
10000000000045320000800002300000000
10000000000045400000200028100000000
10000000000045700000200015400000000
10000000000045710021900113800000000
10000000000045730000500046600000000
10000000000045750003400008100000000
10000000000045760000200026200000000
10000000000045770000100010000000000
10000000000045780001500059400000000
10000000000045790000400061700000000
10000000000045810002300007300000000
10000000000045820000200036800000000
10000000000045830000200032500000000
10000000000045840004000008600000000
10000000000045860000700039900000000
10000000000047310000100007700000000
10000000000047360009300051000000000
10000000000047370001000060100000000
10000000000047380000200017100000000
10000000000047390000400000800000000
10000000000047400000200009500000000
10000000000047410000100016200000000
10000000000047420000200013200000000
10000000000049630002000012300000000
10000000000049640016700131300000000
10000000000049650005300042300000000
10000000000049660000100016200000000
10000000000049670001600015000000000
10000000000049680008600034900000000
10000000000049690001000006400000000
10000000000049700002000012300000000
10000000000049970002200019500000000
10000000000050010000300022600000000
10000000000050020000700004100000000
10000000000050030000700116900000000
10000000000050040000300064500000000
10000000000050050006100033800000000
10000000000050110003100010600000000
10000000000050120017700131700000000
10000000000050130007000016900000000
10000000000050140002500021800000000
10000000000050150000700001300000000
10000000000050160002400006500000000
10000000000050170013500058000000000
10000000000050180007500059200000000
10000000000050190005800069300000000
10000000000050200000200029200000000
10000000000050210002300036800000000
10000000000054960003500479800000000
10000000000055320020000145900000000
10000000000055330002000022900000000
10000000000055340029500232900000000
10000000000055350009800076400000000
10000000000056110000200009900000000
10000000000056120003100008400000000
10000000000056130016100102600000000
10000000000061210000400094500000000
10000000000061220000400021700000000
10000000000061240063000164600000000
10000000000061250001000052800000000
10000000000061260003100021700000000
10000000000061270004200042300000000
10000000000061280000400029800000000
10000000000061290000300024400000000
10000000000061300006100043900000000
10000000000061310001600256500000000
10000000000061320000100013700000000
10000000000061330001800008200000000
10000000000061340000400000600000000
10000000000061350012600114100000000
10000000000064130010500032700000000
10000000000064160000400072900000000
10000000000064170000300048600000000
10000000000064250007000050200000000
10000000000064260000100012000000000
10000000000064270017000045400000000
10000000000064280000900175000000000
10000000000064420000100007200000000
10000000000069800002300194000000000
10000000000069810353300325000000000
10000000000069820001900183500000000
10000000000072210050800115500000000
10000000000072220001100229300000000
10000000000072230000100023800000000
10000000000072250000200022500000000
10000000000072270000100008400000000
10000000000072290000100004800000000
10000000000072300003800013300000000
10000000000072310001000004800000000
10000000000072320004600015100000000
10000000000072330013200030000000000
10000000000072340000200036100000000
10000000000072510016100066500000000
10000000000072520017700147700000000
10000000000072530000300014900000000
10000000000072540000800163400000000
10000000000072550006300066800000000
10000000000072560002000026600000000
10000000000072570000100016400000000
10000000000072580000700175400000000
10000000000072590000700149600000000
10000000000072600000600067100000000
10000000000072610000800067600000000
10000000000072620000300031000000000
10000000000072630000100008300000000
10000000000072640000400059100000000
10000000000072660000100000300000000
10000000000072670003000017400000000
10000000000072680000100007900000000
10000000000072690015700130300000000
10000000000072700000500026100000000
10000000000072710003000016800000000
10000000000072720000500111600000000
10000000000072730001200005400000000
10000000000072740006000044700000000
10000000000072750000700003900000000
10000000000072760013900117700000000
10000000000072770000300030500000000
10000000000072780000300000500000000
10000000000072790000100006600000000
10000000000072800001400277800000000
10000000000072810006100035400000000
10000000000072820001500008800000000
10000000000072830000200021400000000
10000000000072840001400006700000000
10000000000072850000200025400000000
10000000000072860012900063500000000
10000000000072870007200080700000000
10000000000072880000100025000000000
10000000000072890000100013000000000
10000000000072900001700009800000000
10000000000072910002400011900000000
10000000000072920000800001000000000
10000000000072930002100024100000000
10000000000072940000200020200000000
10000000000074010007100048100000000
10000000000074030002000012800000000
10000000000074040000600071000000000
10000000000074050000100002200000000
10000000000074060000200008300000000
10000000000074090001800006000000000
10000000000074100005700021000000000
10000000000074110008400020300000000
10000000000074140000200016300000000
10000000000074150000600156800000000
10000000000074160000100023500000000
10000000000074170000600139700000000
10000000000074180001600113800000000
10000000000074190002000006600000000
10000000000074200000200025800000000
10000000000074210000400054800000000
10000000000074220000100010100000000
10000000000074260000400001400000000
10000000000074270001400013500000000
10000000000074280000800008800000000
10000000000074310001300024400000000
10000000000074320000800066000000000
10000000000074330005400220500000000
10000000000074340012500010200000000
10000000000074350011100064300000000
10000000000074370000600010100000000
10000000000074380000700004200000000
10000000000074390015700147000000000
10000000000074400019900105100000000
10000000000074410005300017200000000
10000000000074420002300006300000000
10000000000074430000100003800000000
10000000000074440000300008100000000
10000000000074450001700009000000000
10000000000074460003400022700000000
10000000000074470000300055500000000
10000000000074480000400062400000000
10000000000074490000200021700000000
10000000000074500008400004800000000
10000000000074510001000050000000000
10000000000074520000600123200000000
10000000000074650001700004600000000
10000000000080340000100010600000000
10000000000081010000800004100000000
10000000000081020004800017200000000
10000000000081030007100044300000000
10000000000081040001200015200000000
10000000000081060001500106300000000
10000000000081070003600011800000000
10000000000081520000300032300000000
10000000000081530000200017700000000
10000000000081540011300062900000000
10000000000081550000700074700000000
10000000000081910006100035400000000
10000000000081920012900027100000000
10000000000082030000300046000000000
10000000000082610000200030700000000
10000000000082620000400073200000000
10000000000082810016800118600000000
10000000000082820006300012500000000
10000000000082840004400047600000000
10000000000082850002600011600000000
10000000000082910000400041300000000
10000000000082920023000201300000000
10000000000082930000200047200000000
10000000000082940007100034700000000
10000000000082950033200117600000000
10000000000082960017000159600000000
10000000000082970052200148900000000
10000000000083610013200064100000000
10000000000083640000100011400000000
10000000000084010000400042000000000
10000000000084020001300011000000000
10000000000084030001700011200000000
10000000000084720001200236600000000
10000000000084740004000075700000000
10000000000084760000900217900000000
10000000000084930000400026000000000
10000000000084940001600008700000000
10000000000085600028900226800000000
10000000000085610009700093500000000
10000000000085620027500218200000000
10000000000085630001000011300000000
10000000000085700002400229200000000
10000000000085710022000030200000000
10000000000085720000100006400000000
10000000000085730024600095400000000
10000000000085740000900074800000000
10000000000085750000100010100000000
10000000000085760050100113800000000
10000000000085770000200015300000000
10000000000085850030000031200000000
10000000000085860000400041500000000
10000000000085870000300045900000000
10000000000085880003000003900000000
10000000000085890000200020500000000
10000000000087010000300048800000000
10000000000087020001600113700000000
10000000000087030000200016500000000
10000000000087040000100022500000000
10000000000087060002000011100000000
10000000000087070000100007100000000
10000000000087130000400081900000000
10000000000087140000400013100000000
10000000000087150016500082700000000
10000000000087160000500002200000000
10000000000087260004200008100000000
10000000000087270000400030500000000
10000000000087300000700003300000000
10000000000089520021000025400000000
10000000000089530000200033300000000
10000000000089550002900203400000000
10000000000089560000300028400000000
10000000000089570000800101800000000
10000000000089580016500138800000000
10000000000089590000300057000000000
10000000000089600000100018900000000
