10000000000094520000800005200000000
10000000000094530000100021500000000
10000000000094570006500081700000000
10000000000094580007100078200000000
10000000000094590027000118800000000
10000000000094600000200017300000000
10000000000094610000100005800000000
10000000000094620002600038400000000
10000000000094630000400028900000000
10000000000094640003600036500000000
10000000000094650000700022900000000
10000000000094660000400054400000000
10000000000094670000300058400000000
10000000000094680000200031500000000
10000000000094700000400001300000000
10000000000094710001800016100000000
10000000000094720003800015800000000
10000000000094730001100011900000000
10000000000094750002500003700000000
10000000000094780000100016400000000
10000000000094810001100002100000000
10000000000094820013900069200000000
