  MOL,APL,HJN          NO#300
   
                    上林公證有限公司                    
            Kingswood Survey & Measurers Ltd.            
   
                        度  量  資  料                       
=============================================================
船名：B    航次：12/02    結關日期：2013/12/2

倉位 單號 板數 堆量 件數 包裝  長  寬  高  體積   單重   總重
=============================================================
     0881     堆量   30      120 145  80  1.39               
=============================================================
    TOTAL：          30                   1.39

     0882             1       81 121 106  1.04               
=============================================================
    TOTAL：           1                   1.04

     0883             1      101  85  98  0.84               
     0883             7      123 101 115 10.00               
=============================================================
    TOTAL：           8                  10.84

     0884             1      110 110 162  1.96               
=============================================================
    TOTAL：           1                   1.96

     0885             1      100 120 110  1.32               
     0885             1      100 120 131  1.57               
     0885             1      102 127 106  1.37               
=============================================================
    TOTAL：           3                   4.26

     0886     堆量   34      120 150  99  1.78               
     0886     堆量   26      120 160  82  1.57               
     0886   2        96       43  28  42  4.85               
=============================================================
    TOTAL：         156                   8.20

     0887             1      100 134 145  1.94               
     0887             1       90 120 145  1.57               
=============================================================
    TOTAL：           2                   3.51

     0888             1      110 188 141  2.92               
=============================================================
    TOTAL：           1                   2.92

     0889             2       81 122  73  1.44               
     0889             1       62  63  58  0.23               
=============================================================
    TOTAL：           3                   1.67

     0890     堆量   64      120 150 105  1.89               
=============================================================
    TOTAL：          64                   1.89

     0891     堆量   40      120 140  60  1.01               
=============================================================
    TOTAL：          40                   1.01

     0892            10       24  41  52  0.51               
=============================================================
    TOTAL：          10                   0.51

     0893            20       39  28  39  0.85               
=============================================================
    TOTAL：          20                   0.85

     0894             8       33  33  47  0.41               
     0894     堆量   62      121 145 141  2.47               
=============================================================
    TOTAL：          70                   2.88

     0895     堆量   17      100 130  92  1.20               
=============================================================
    TOTAL：          17                   1.20

     0896             4       64  34  26  0.23               
=============================================================
    TOTAL：           4                   0.23

     0897            16       52  43  34  1.22               
=============================================================
    TOTAL：          16                   1.22

     0898     堆量   21      120 145  52  0.90               
     0898   2        59       44  35  25  2.27               
=============================================================
    TOTAL：          80                   3.17

     0899             4       60  56  38  0.51               
=============================================================
    TOTAL：           4                   0.51

     0900   2        30       51  38  48  2.79               
=============================================================
    TOTAL：          30                   2.79

     1386            35       25  41  64  2.30               
     1386             7       25  41  64  0.46               
     1386             5       21  34  47  0.17               
     1386            17       25  28  45  0.54               
=============================================================
    TOTAL：          64                   3.47

     1387             8       54  36  21  0.33               
=============================================================
    TOTAL：           8                   0.33

     1388             1      101 105  60  0.64               
=============================================================
    TOTAL：           1                   0.64

     1389             1       80 122  69  0.67               
     1389             2       80 122 155  3.03               
=============================================================
    TOTAL：           3                   3.70

     1390             5       28  26  38  0.14               
=============================================================
    TOTAL：           5                   0.14

     1391             1       96 132 142  1.80               
     1391             1      117 125  96  1.40               
=============================================================
    TOTAL：           2                   3.20

     1392            10       45  54  34  0.83               
=============================================================
    TOTAL：          10                   0.83

     1393            43       30  24  32  0.99               
=============================================================
    TOTAL：          43                   0.99

     1813             2       79 119 121  2.28               
     1813             3       79 119 110  3.10               
=============================================================
    TOTAL：           5                   5.38

     4039     堆量   24      121 145 144  2.53               
     4039     堆量   50      121 145  71  1.25               
=============================================================
    TOTAL：          74                   3.78

     4041   4       153       43  34  26  5.82               
=============================================================
    TOTAL：         153                   5.82

     4042   2        80       52  43  27  4.83               
     4042     堆量   21      120 150 104  1.87               
     4042             5       52  43  34  0.38               
=============================================================
    TOTAL：         106                   7.08

     4043            40       65  35  25  2.28               
=============================================================
    TOTAL：          40                   2.28

     4044     堆量   29      121 145  98  1.72               
     4044     堆量   14      121 145  61  1.07               
=============================================================
    TOTAL：          43                   2.79

     4045            30       37  72  36  2.88               
=============================================================
    TOTAL：          30                   2.88

     4046            11       42  51  31  0.73               
=============================================================
    TOTAL：          11                   0.73

     4047             3      134  86 141  4.87               
     4047     堆量   31      121 150  90  1.63               
     4047     堆量   20      121 145 142  2.49               
     4047   2 堆量   82      121 145 154  5.40               
     4047   2 堆量   93      121 145 138  4.84               
     4047     堆量   50      121 145  61  1.07               
=============================================================
    TOTAL：         279                  20.30

     4048   5       163       44  33  43 10.18               
     4048     堆量   16      121 145  68  1.19               
=============================================================
    TOTAL：         179                  11.37

     4049     堆量   37      112 200 120  2.69               
     4049     堆量   22      104 200  82  1.71               
=============================================================
    TOTAL：          59                   4.40

     4531   2 堆量    8      120 100  40  0.96               
     4531     堆量    4      130 130  30  0.51               
     4531   3       150       52  34  28  7.43               
     4531     堆量   50      121 145 150  2.63               
=============================================================
    TOTAL：         212                  11.53

     4532             8       39  30  25  0.23               
=============================================================
    TOTAL：           8                   0.23

4570 4570             1   扁箱 208  17  11  0.04               
     4570             1      116 119 109  1.50               
=============================================================
    TOTAL：           2                   1.54

     4571     堆量   39      121 145  78  1.37               
     4571   2        43       60  30  40  3.10               
     4571     堆量   44      120 150 117  2.11               
     4571     堆量   53      121 145 141  2.47               
     4571            40       60  27  36  2.33               
=============================================================
    TOTAL：         219                  11.38

4573 4573             5      110  73 116  4.66               
=============================================================
    TOTAL：           5                   4.66

4575 4575     堆量   34      120 140  48  0.81               
=============================================================
    TOTAL：          34                   0.81

4576 4576             1      114 114 144  1.87               
     4576             1      114 114  58  0.75               
=============================================================
    TOTAL：           2                   2.62

     4577             1      109 127  72  1.00               
=============================================================
    TOTAL：           1                   1.00

     4578   4        15       70 101  56  5.94               
=============================================================
    TOTAL：          15                   5.94

     4579             2      380  59  57  2.56               
     4579             2      380  73  65  3.61               
=============================================================
    TOTAL：           4                   6.17

     4581     堆量   22       30 120 150  0.54               
     4581             1       26  70 102  0.19               
=============================================================
    TOTAL：          23                   0.73

     4582             2      102 122 148  3.68               
=============================================================
    TOTAL：           2                   3.68

     4583             1      101 121  65  0.79               
     4583             1      101 121 201  2.46               
=============================================================
    TOTAL：           2                   3.25

     4584            40       33  36  18  0.86               
=============================================================
    TOTAL：          40                   0.86

     4586             2       84  25  39  0.16               
     4586             1       67  75  53  0.27               
     4586             1       68 138  51  0.48               
     4586             1       61  97  44  0.26               
     4586             2      119 138  86  2.82               
=============================================================
    TOTAL：           7                   3.99

     5001             1      101 121  97  1.19               
     5001             1      101 121  35  0.43               
     5001             1      101 121  52  0.64               
=============================================================
    TOTAL：           3                   2.26

     5002     堆量    7      120 115  30  0.41               
=============================================================
    TOTAL：           7                   0.41

     5003             1      101 101 179  1.83               
     5003             1      111 111 178  2.19               
     5003             1      111 111 158  1.95               
     5003             1      112 121 165  2.24               
     5003             1      111 111  60  0.74               
     5003             2      111 111 111  2.74               
=============================================================
    TOTAL：           7                  11.69

     5004             1      114 114 183  2.38               
     5004             2      110 110 168  4.07               
=============================================================
    TOTAL：           3                   6.45

     5005            31       43  36  29  1.39               
     5005            30       54  41  30  1.99               
=============================================================
    TOTAL：          61                   3.38

     5011     堆量   31      120 140  63  1.06               
=============================================================
    TOTAL：          31                   1.06

     5012     堆量   63      120 150 160  2.88               
     5012     堆量   31      118 138 169  2.75               
  3W 5012            12       62  45  94  3.15               
     5012     堆量   49      120 145 160  2.78               
     5012     堆量   22      120 140  96  1.61               
=============================================================
    TOTAL：         177                  13.17

     5013     堆量   70      101 124 135  1.69               
=============================================================
    TOTAL：          70                   1.69

     5014     堆量   25      121 145 124  2.18               
=============================================================
    TOTAL：          25                   2.18

     5015             7       37  32  16  0.13               
=============================================================
    TOTAL：           7                   0.13

     5016     堆量   24      120 124  44  0.65               
=============================================================
    TOTAL：          24                   0.65

     5017            35       58  39  30  2.38               
     5017     堆量   52      121 145  61  1.07               
     5017     堆量   48      121 145 134  2.35               
=============================================================
    TOTAL：         135                   5.80

     5018     堆量   27      120 150 128  2.30               
     5018     堆量   40      120 150  56  1.01               
     5018             8       75  66  66  2.61               
=============================================================
    TOTAL：          75                   5.92

2641 5019     堆量   14      120 135  40  0.65               
     5019   3        44      118  22  55  6.28               
=============================================================
    TOTAL：          58                   6.93

     5020             1      101 120 123  1.49               
     5020             1      101 120 118  1.43               
=============================================================
    TOTAL：           2                   2.92

     5021             3      116  40  60  0.84               
     5021     堆量   20      120 145 163  2.84               
=============================================================
    TOTAL：          23                   3.68

     7044             5       39  36  18  0.13               
=============================================================
    TOTAL：           5                   0.13

     7251     堆量   39      121 145  91  1.60               
     7251     堆量   38      121 145  94  1.65               
     7251     堆量   40      121 145 104  1.82               
     7251     堆量   44      121 145  90  1.58               
=============================================================
    TOTAL：         161                   6.65

     7252            24       41  46  55  2.49               
     7252     堆量   35      121 145 154  2.70               
     7252     堆量   22      121 145 121  2.12               
     7252            32       56  37  38  2.52               
     7252     堆量   31      121 145 168  2.95               
     7252     堆量   33      121 142 116  1.99               
=============================================================
    TOTAL：         177                  14.77

     7253             3       86  86  67  1.49               
=============================================================
    TOTAL：           3                   1.49

     7254             1      111 115 168  2.14               
     7254             1      112 117 125  1.64               
     7254             1      112 117 201  2.63               
     7254             1      112 117  99  1.30               
     7254             1      112 117 184  2.41               
     7254             1      110 115 187  2.37               
     7254             1      111 115 115  1.47               
     7254             1      112 117 182  2.38               
=============================================================
    TOTAL：           8                  16.34

     7255   3        63       46  48  48  6.68               
=============================================================
    TOTAL：          63                   6.68

     7256            20       65  66  31  2.66               
=============================================================
    TOTAL：          20                   2.66

     7257             1      102 122 132  1.64               
=============================================================
    TOTAL：           1                   1.64

     7258             1      115 115 190  2.51               
     7258             2      115 115 198  5.24               
     7258             4      112 115 190  9.79               
=============================================================
    TOTAL：           7                  17.54

     7259             1      120 111 166  2.21               
     7259             1      101 120 180  2.18               
     7259             1      101 120 174  2.11               
     7259             3      101 120 169  6.14               
     7259             1      120 111 174  2.32               
=============================================================
    TOTAL：           7                  14.96

     7260             2      101 120  98  2.38               
     7260             1       83 120  72  0.72               
     7260             1      101 120  84  1.02               
     7260             2      101 120 107  2.59               
=============================================================
    TOTAL：           6                   6.71

     7261             8       76 108 103  6.76               
=============================================================
    TOTAL：           8                   6.76

     7262             1      240 122  45  1.32               
     7262             1      240 122  26  0.76               
     7262             1      240 122  35  1.02               
=============================================================
    TOTAL：           3                   3.10

     7263             1      101 121  68  0.83               
=============================================================
    TOTAL：           1                   0.83

     7264             3      100 120 140  5.04               
     7264             1       80 100 109  0.87               
=============================================================
    TOTAL：           4                   5.91

     7266             1       36  32  30  0.03               
=============================================================
    TOTAL：           1                   0.03

     7267     堆量   30      121 145  99  1.74               
=============================================================
    TOTAL：          30                   1.74

     7268             1      101 120  65  0.79               
=============================================================
    TOTAL：           1                   0.79

     7269     堆量   13      120 150  50  0.90               
     7269     堆量   33      120 140 143  2.40               
     7269            36       45  43  39  2.72               
     7269            24       60  34  46  2.25               
     7269     堆量   24      120 145 130  2.26               
     7269     堆量   27      120 150 139  2.50               
=============================================================
    TOTAL：         157                  13.03

     7270             3      110 110  46  1.67               
     7270             2      110 110  39  0.94               
=============================================================
    TOTAL：           5                   2.61

     7271            30       45  46  27  1.68               
=============================================================
    TOTAL：          30                   1.68

     7272             5      112 112 178 11.16               
=============================================================
    TOTAL：           5                  11.16

     7273             1       21  29  54  0.03               
     7273     堆量   11       30 112 151  0.51               
=============================================================
    TOTAL：          12                   0.54

     7274     堆量   24      120 150  91  1.64               
     7274            36       77  17  60  2.83               
=============================================================
    TOTAL：          60                   4.47

     7275     堆量    7      121 145  22  0.39               
=============================================================
    TOTAL：           7                   0.39

     7276     堆量   43      121 145 142  2.49               
     7276   3        54       55  42  42  5.24               
     7276     堆量   16      121 142 125  2.15               
     7276     堆量   26      121 150 104  1.89               
=============================================================
    TOTAL：         139                  11.77

     7277             3       81 122 103  3.05               
=============================================================
    TOTAL：           3                   3.05

     7278             3       26  34  18  0.05               
=============================================================
    TOTAL：           3                   0.05

     7279             1      110 111  54  0.66               
=============================================================
    TOTAL：           1                   0.66

     7280             1      102 122 104  1.29               
     7280             1      102 122 184  2.29               
     7280             1      102 122 192  2.39               
     7280             1      102 130 180  2.39               
     7280             1      102 122 175  2.18               
     7280             1      102 122 140  1.74               
     7280             1      102 122 153  1.90               
     7280             1      102 122 116  1.44               
     7280             1      102 122 113  1.41               
     7280             1      102 122 180  2.24               
     7280             1      103 122 180  2.26               
     7280             1      102 122 178  2.22               
     7280             1      105 122 192  2.46               
     7280             1      102 122 126  1.57               
=============================================================
    TOTAL：          14                  27.78

     7281   2        61       36  46  35  3.54               
=============================================================
    TOTAL：          61                   3.54

     7282     堆量   15      121 142  51  0.88               
=============================================================
    TOTAL：          15                   0.88

     7283             1      104 131  93  1.27               
     7283             1      104 131  64  0.87               
=============================================================
    TOTAL：           2                   2.14

     7284            14       43  32  35  0.67               
=============================================================
    TOTAL：          14                   0.67

     7285             1       81 120 140  1.36               
     7285             1       81 120 121  1.18               
=============================================================
    TOTAL：           2                   2.54

     7286            42       58  38  22  2.04               
     7286     堆量   42      121 145 116  2.04               
     7286     堆量   45      121 142 132  2.27               
=============================================================
    TOTAL：         129                   6.35

     7287   2        32       60  60  30  3.46               
     7287   2        40       60  60  32  4.61               
=============================================================
    TOTAL：          72                   8.07

     7288             1      124 110 183  2.50               
=============================================================
    TOTAL：           1                   2.50

     7289             1      102 110 116  1.30               
=============================================================
    TOTAL：           1                   1.30

     7290            17       56  49  21  0.98               
=============================================================
    TOTAL：          17                   0.98

     7291     堆量   24      121 145  68  1.19               
=============================================================
    TOTAL：          24                   1.19

     7292             8       33  26  15  0.10               
=============================================================
    TOTAL：           8                   0.10

     7293            21      170  26  26  2.41               
=============================================================
    TOTAL：          21                   2.41

     7294             1      110 111  87  1.06               
     7294             1      110 111  79  0.96               
=============================================================
    TOTAL：           2                   2.02

     7401     堆量   37      121 145  82  1.44               
     7401   2        30       74  41  36  3.28               
     7401             4       23  30  32  0.09               
=============================================================
    TOTAL：          71                   4.81

     7403     堆量   20      100 150  85  1.28               
=============================================================
    TOTAL：          20                   1.28

     7404             6       99 104 115  7.10               
=============================================================
    TOTAL：           6                   7.10

     7405             1       54 100  41  0.22               
=============================================================
    TOTAL：           1                   0.22

     7406             1       90  85  58  0.44               
     7406             1       90  85  51  0.39               
=============================================================
    TOTAL：           2                   0.83

     7409            18       50  29  23  0.60               
=============================================================
    TOTAL：          18                   0.60

     7410     堆量   36      121 142  64  1.10               
     7410     堆量   21      121 150  55  1.00               
=============================================================
    TOTAL：          57                   2.10

     7411   2        84       31  30  26  2.03               
=============================================================
    TOTAL：          84                   2.03

     7414             2      104  97  81  1.63               
=============================================================
    TOTAL：           2                   1.63

     7415             6      110 110 216 15.68               
=============================================================
    TOTAL：           6                  15.68

     7416             1      110 120 178  2.35               
=============================================================
    TOTAL：           1                   2.35

     7417             1      101 120 120  1.45               
     7417             3      101 123 205  7.64               
     7417             1      101 123 221  2.75               
     7417             1      106 122 165  2.13               
=============================================================
    TOTAL：           6                  13.97

     7418             1       75 116  67  0.58               
     7418             1       68  68  68  0.31               
     7418             2      101 118  68  1.62               
     7418             3       82 131  66  2.13               
     7418             3      101 118  66  2.36               
     7418             1       80  91  89  0.65               
     7418             1       88  89 104  0.81               
     7418             4       82 131  68  2.92               
=============================================================
    TOTAL：          16                  11.38

     7419            20       58  13  44  0.66               
=============================================================
    TOTAL：          20                   0.66

     7420             1      115 116 112  1.49               
     7420             1      115 116  82  1.09               
=============================================================
    TOTAL：           2                   2.58

     7421             3      110 110 131  4.76               
     7421             1       80 120  75  0.72               
=============================================================
    TOTAL：           4                   5.48

     7422             1      120  97  87  1.01               
=============================================================
    TOTAL：           1                   1.01

     7426     堆量    4       47 116  25  0.14               
=============================================================
    TOTAL：           4                   0.14

     7427     堆量    9      120 150  40  0.72               
7247 7427             5       56  55  41  0.63               
=============================================================
    TOTAL：          14                   1.35

     7428     堆量    8      121 145  50  0.88               
=============================================================
    TOTAL：           8                   0.88

     7431             2      101 121  91  2.22               
     7431             5       40  25  20  0.10               
     7431             6       20  25  40  0.12               
=============================================================
    TOTAL：          13                   2.44

     7432             1       99 108 101  1.08               
     7432             6       99 108  70  4.49               
     7432             1       99 108  96  1.03               
=============================================================
    TOTAL：           8                   6.60

     7433             1      112 112  72  0.90               
     7433             1      110 111 103  1.26               
     7433             6      108 115 111  8.27               
     7433             1      113 115  98  1.27               
     7433             2      110 110 114  2.76               
     7433     堆量   18      120 150 112  2.02               
     7433     堆量   21       43  94 150  0.61               
     7433             1      103 120  91  1.12               
     7433             3      112 112 102  3.84               
=============================================================
    TOTAL：          54                  22.05

     7434           125       30  17  16  1.02               
=============================================================
    TOTAL：         125                   1.02

     7435   3       111       46  35  36  6.43               
=============================================================
    TOTAL：         111                   6.43

     7437             6       46  32 114  1.01               
=============================================================
    TOTAL：           6                   1.01

     7438             7       44  37  37  0.42               
=============================================================
    TOTAL：           7                   0.42

     7439   6       157       48  39  50 14.70               
=============================================================
    TOTAL：         157                  14.70

     7440   2       104       51  37  28  5.49               
     7440   2        95       51  28  37  5.02               
=============================================================
    TOTAL：         199                  10.51

     7441            28       42  37  23  1.00               
     7441     堆量   25      121 145  41  0.72               
=============================================================
    TOTAL：          53                   1.72

     7442     堆量   23      120 150  35  0.63               
=============================================================
    TOTAL：          23                   0.63

     7443             1       88 121  36  0.38               
=============================================================
    TOTAL：           1                   0.38

     7444             3       65  77  54  0.81               
=============================================================
    TOTAL：           3                   0.81

     7445            17       49  31  35  0.90               
=============================================================
    TOTAL：          17                   0.90

     7446            34       62  43  25  2.27               
=============================================================
    TOTAL：          34                   2.27

     7447             1      106 107 140  1.59               
     7447             1      106 107 173  1.96               
     7447             1      106 107 176  2.00               
=============================================================
    TOTAL：           3                   5.55

     7448             1      107 122 138  1.80               
     7448             1      102 122 118  1.47               
     7448             1      107 122 107  1.40               
     7448             1      102 122 126  1.57               
=============================================================
    TOTAL：           4                   6.24

     7449             1      102 116  81  0.96               
     7449             1      116 106  98  1.21               
=============================================================
    TOTAL：           2                   2.17

     7450     堆量   84       30 108 147  0.48               
=============================================================
    TOTAL：          84                   0.48

     7451             4       88 101  55  1.96               
     7451             6       88 101  57  3.04               
=============================================================
    TOTAL：          10                   5.00

     7452             5      101 120 186 11.27               
     7452             1      101 120  87  1.05               
=============================================================
    TOTAL：           6                  12.32

     7465     堆量   17      121 145  26  0.46               
=============================================================
    TOTAL：          17                   0.46

     8560     堆量   25      120 150 125  2.25               
     8560     堆量   30      121 150 140  2.54               
     8560     堆量   36      121 145 154  2.70               
     8560     堆量   29      121 142 166  2.85               
     8560     堆量   16      121 145 124  2.18               
     8560     堆量   27      121 145 151  2.65               
     8560   3       126       35  23  74  7.51               
=============================================================
    TOTAL：         289                  22.68

     8561   4        97       47  50  41  9.35               
=============================================================
    TOTAL：          97                   9.35

     8562     堆量   14      121 142  64  1.10               
     8562            32       37  36  52  2.22               
     8562     堆量   27      121 150  95  1.72               
     8562   2 堆量   34      121 145 152  5.33               
     8562            30       48  37  49  2.61               
     8562     堆量   38      120 150 133  2.39               
     8562     堆量   60      121 145 154  2.70               
     8562   2        40       59  37  43  3.75               
=============================================================
    TOTAL：         275                  21.82

     8563     堆量   10      121 142  66  1.13               
=============================================================
    TOTAL：          10                   1.13

     8570             6       91 107  90  5.26               
     8570             5       91 107 108  5.26               
     8570            13       91 107  98 12.40               
=============================================================
    TOTAL：          24                  22.92

     8571   2 堆量  220       98 116 133  3.02               
=============================================================
    TOTAL：         220                   3.02

     8572             1       80 120  67  0.64               
=============================================================
    TOTAL：           1                   0.64

     8573     堆量   56      156  98 122  1.87               
     8573            36       30  34  39  1.43               
     8573             2       36  37  66  0.18               
     8573   2        48       36  37  66  4.22               
     8573     堆量  104      154 101 118  1.84               
=============================================================
    TOTAL：         246                   9.54

     8574             5       75 107 108  4.33               
     8574             4       75 107  98  3.15               
=============================================================
    TOTAL：           9                   7.48

     8575             1      100 120  84  1.01               
=============================================================
    TOTAL：           1                   1.01

     8576     堆量   27       78 102 110  0.88               
     8576     堆量   29       82 102 110  0.92               
   B 8576   4       145       24  31  47  5.07               
     8576     堆量   20       62  83  99  0.51               
     8576   2 堆量  180      131  89 112  2.61               
   A 8576     堆量  100      141  88 112  1.39               
=============================================================
    TOTAL：         501                  11.38

     8577             2       78 108  91  1.53               
=============================================================
    TOTAL：           2                   1.53

     8585   2       300       14  31  24  3.12               
=============================================================
    TOTAL：         300                   3.12

     8586             3       90 110 123  3.65               
     8586             1       90 110  51  0.50               
=============================================================
    TOTAL：           4                   4.15

     8587             2      103 120 135  3.34               
     8587             1      103 120 101  1.25               
=============================================================
    TOTAL：           3                   4.59

     8588            30       22  22  27  0.39               
=============================================================
    TOTAL：          30                   0.39

     8589             1      102 122  75  0.93               
     8589             1      102 122  90  1.12               
=============================================================
    TOTAL：           2                   2.05

==== ====== ====== ======  ==============  ======
            Total:      2           0.00      0.0


