10000000000001710000700035300000000
10000000000001720018600105400000000
10000000000001730002200021500000000
10000000000001740000300001400000000
10000000000001750000300002800000000
10000000000001760000100017600000000
10000000000001770006600058500000000
10000000000001780000200024800000000
10000000000001790022500029800000000
10000000000001800022100050500000000
10000000000001810000200008200000000
10000000000001820004000012100000000
10000000000001830004300035500000000
10000000000001840002300006000000000
10000000000001850002400026200000000
10000000000001860002800046700000000
10000000000001870000100094400000000
10000000000001880005300035600000000
10000000000001890000100031100000000
10000000000001900000200012800000000
10000000000001920001400009000000000
10000000000001930000900060600000000
10000000000001940005200012900000000
10000000000001960000400002900000000
10000000000001970000900074100000000
10000000000001980032000335900000000
10000000000001990025000040600000000
10000000000002000008500070500000000
