10000000000060010000300019100000000
10000000000060020000200034200000000
10000000000060030001700010000000000
10000000000060060001000096400000000
10000000000060080011200034800000000
10000000000060090001200003300000000
10000000000060100002500012200000000
10000000000060120002000004400000000
10000000000060140000400026000000000
10000000000060150000100000600000000
10000000000060160000100012800000000
10000000000060170003000008200000000
10000000000060260000200023800000000
10000000000060330000400020300000000
10000000000060340002800018600000000
10000000000060610031800139200000000
10000000000060630003100009400000000
10000000000060640000500105900000000
10000000000060650000100014100000000
10000000000060670000100019500000000
10000000000062010006000039000000000
10000000000062020000300086000000000
10000000000062030007000009700000000
10000000000062040007600065100000000
10000000000062050000200021500000000
10000000000062060000600018900000000
10000000000062110000100008800000000
10000000000062120009800080800000000
10000000000062130005100064100000000
10000000000062410008500085300000000
10000000000062420011600025200000000
10000000000062430004300023300000000
10000000000062440002000199200000000
10000000000062450000800012200000000
10000000000062460000400033100000000
10000000000062960000100004700000000
10000000000062970000500089700000000
