10000000000050000001100010800000000
10000000000050020000900067100000000
10000000000050030000100007200000000
10000000000050040000200020100000000
10000000000050310010800081000000000
10000000000050320002900023900000000
10000000000050330001000005700000000
10000000000050340004200032100000000
10000000000050410002200009100000000
10000000000050420001100006500000000
10000000000050430000700003600000000
10000000000050440001000086500000000
10000000000051010008600065500000000
10000000000051020000100010700000000
10000000000051030000100008600000000
10000000000051040000600027900000000
10000000000051050000100017700000000
