10000000000094510008300049800000000
10000000000094520002000012100000000
10000000000094530000300032600000000
10000000000094540000500081100000000
10000000000094550000100010200000000
10000000000094560002400013500000000
10000000000094580000500089600000000
10000000000094590008400016700000000
10000000000094610002800004000000000
10000000000094620000100005800000000
10000000000094630000400019100000000
10000000000094640000600002000000000
10000000000094660025000033200000000
10000000000094670002500011600000000
10000000000094680000100012200000000
10000000000094690003400009400000000
10000000000094700000500016400000000
10000000000094710000100004400000000
10000000000094720001000002500000000
10000000000094730000400043600000000
10000000000094740000900003700000000
10000000000094750000100012200000000
10000000000094770000200000200000000
10000000000094810003700031500000000
10000000000094820001500005800000000
10000000000094830005300071600000000
10000000000094840013300066100000000
10000000000097750028000249400000000
