10000000000073010004100023300000000
10000000000073020000300026700000000
10000000000073030009600058300000000
10000000000073040000300003300000000
10000000000073060000300039100000000
10000000000073070000200005900000000
10000000000073080003500020700000000
10000000000073140000400089900000000
10000000000073160000100016600000000
10000000000073210002000009700000000
10000000000073260003700026100000000
10000000000073270007700035300000000
10000000000073310000200031000000000
10000000000073320000100004300000000
10000000000073330000600052500000000
10000000000073350000200035400000000
10000000000073420000200026400000000
10000000000073440000100005800000000
10000000000073460007200052400000000
10000000000073470020000099900000000
10000000000073480016300051500000000
10000000000073510000300042400000000
10000000000073520013400088200000000
10000000000073540000200024400000000
10000000000073610002700006600000000
10000000000073620007800012100000000
10000000000073810003600011300000000
10000000000073910000400047700000000
10000000000074410000300035400000000
10000000000074420004200018600000000
10000000000074560000900002800000000
10000000000074570000100009100000000
10000000000074590001200030100000000
10000000000075020000100010400000000
10000000000075030000600003800000000
10000000000075040000700121000000000
10000000000075050000400054000000000
10000000000075260001300170400000000
10000000000075270004700024600000000
10000000000075290007800062500000000
10000000000075300000100009800000000
10000000000075460000100021300000000
10000000000075610000200013000000000
10000000000075620000100007100000000
10000000000075630001000078200000000
10000000000075640001000060500000000
10000000000076530003200011900000000
10000000000076540000200011700000000
10000000000076550000200013000000000
10000000000076570000400047900000000
10000000000076580000300057500000000
10000000000076710006000042500000000
10000000000076720000100017300000000
10000000000076730003900043500000000
10000000000076740000300060500000000
10000000000076760001900004100000000
10000000000076770005000027200000000
10000000000076780002700014300000000
10000000000076790002800025700000000
10000000000076900001300007800000000
10000000000076910013100047500000000
10000000000077310004700033400000000
10000000000078220005700027200000000
10000000000078500003800014600000000
10000000000078530002100014600000000
10000000000078540002000007800000000
10000000000078550001200015600000000
10000000000078580006500009900000000
10000000000078750001100031900000000
