10000000000020020001900135200000000
10000000000020060024200095400000000
10000000000020170001800098500000000
10000000000060010023200125000000000
10000000000060020001300047100000000
10000000000060030000700034900000000
10000000000060040003000004700000000
10000000000060060000100001100000000
10000000000060070000400062900000000
10000000000060090000500176800000000
10000000000060100000700004100000000
10000000000060110000100013200000000
10000000000060120003800020200000000
10000000000060130000500006300000000
10000000000060140006800065900000000
10000000000060150002500053800000000
10000000000060170003400028600000000
10000000000060180015800117300000000
10000000000060190001300116600000000
10000000000060200000400069400000000
10000000000060210011900063700000000
10000000000060220000100003900000000
10000000000060230001000008400000000
10000000000060240009200107900000000
10000000000060250006200022600000000
10000000000060260002900020200000000
10000000000060310002200083500000000
10000000000060330000100025000000000
10000000000060340000100000200000000
10000000000060350009600046300000000
10000000000060360000200037800000000
10000000000060380000100024900000000
10000000000060560006500142100000000
10000000000060610000100009000000000
10000000000060620000800002100000000
10000000000060630000800013200000000
10000000000060640000100014300000000
10000000000060660000200032000000000
10000000000060670001500002200000000
10000000000060680000100016400000000
10000000000060690002000030400000000
10000000000062010000400102800000000
10000000000062020004500040700000000
10000000000062030000100004500000000
10000000000062050012600065700000000
10000000000062060000400061000000000
10000000000062080003000009700000000
10000000000062090001800007000000000
10000000000062100003400005000000000
10000000000062110011300065300000000
10000000000062130000100009400000000
10000000000062140000200064800000000
10000000000062150004200023700000000
10000000000062160004000020300000000
10000000000062170000200018400000000
10000000000062180000800002000000000
10000000000062190006300018700000000
10000000000062200001300006200000000
10000000000062210000100003500000000
10000000000062220000600081000000000
10000000000062230000400024900000000
10000000000062240000200020200000000
10000000000062250002100016200000000
10000000000062260000400059700000000
10000000000062270000300039200000000
10000000000062280000200013200000000
10000000000062290000900040200000000
10000000000062410008900034800000000
10000000000062420010500034800000000
10000000000062430000200017200000000
10000000000062440000400021500000000
10000000000062450000600064900000000
10000000000062460000300004800000000
10000000000062470000500007900000000
10000000000062480000300050600000000
10000000000062490000100008800000000
10000000000062500000100007600000000
10000000000062540000100010500000000
10000000000062550005100042900000000
10000000000062960000100007100000000
10000000000062970000400098400000000
10000000000062980000100010400000000
10000000000062990000200013900000000
10000000000063000000100004800000000
10000000000065810000100008500000000
10000000000065820001000086400000000
10000000000065910006000033300000000
10000000000065920000300057700000000
10000000000065930000200050700000000
10000000000065940005100008200000000
10000000000065950000400032900000000
10000000000065960000100006900000000
10000000000065980000400064600000000
10000000000065990003300013400000000
10000000000066000009300058500000000
