沛榮  關西線      施s    NO#202
   
                                                    
                                                    
   
           LIST OF CARGO MEASURE & WEIGHT          
===================================================
船名&航次: MRY  14018N	    結關日期:2014/10/8
船 公 司 : 		    電話: 
貨 櫃 場 : 	    傳真: 
航線/港口: 關西線	    手機: 
===================================================
       核對   單號   件數   體積(立方公尺)   重量
==== ====== ====== ======  ==============  ======
新增 未核對   6203      1           0.45      0.0
新增          6226      4           5.97      0.0
              6201      4          10.28      0.0
              6202     45           4.07      0.0
              6205    126           6.57      0.0
              6206      4           6.10      0.0
              6208     30           0.97      0.0
              6209     18           0.70      0.0
              6210     34           0.50      0.0
              6214      2           6.48      0.0
              6215     42           2.37      0.0
     未核對   6217      2           1.84      0.0
              6218      8           0.20      0.0
     未核對   6219     63           1.87      0.0
              6220     13           0.62      0.0
              6221      1           0.35      0.0
     未核對   6222      6           8.10      0.0
              6223      4           2.49      0.0
              6224      2           2.02      0.0
              6225     21           1.62      0.0
              6229      9           4.02      0.0
              6241     89           3.48      0.0
              6242    105           3.48      0.0
              6243      2           1.72      0.0
              6244      4           2.15      0.0
              6245      6           6.49      0.0
              6246      3           0.48      0.0
              6247      5           0.79      0.0
              6249      1           0.88      0.0
              6254      1           1.05      0.0
              6255     51           4.29      0.0
              6296      1           0.71      0.0
              6298      1           1.04      0.0
              6299      2           1.39      0.0
              6300      1           0.48      0.0
==== ====== ====== ======  ==============  ======
            Total:    711          96.02      0.0


