10000000000011020000100016100000000
10000000000011030000200037600000000
10000000000011040000100006700000000
10000000000011050003700020700000000
10000000000011060002200003300000000
10000000000011070000100044800000000
10000000000011080000300021300000000
10000000000011090000100030200000000
10000000000011100003300008200000000
10000000000011110000100009000000000
10000000000011120005100016600000000
10000000000011130013000017000000000
10000000000011140000100015300000000
10000000000011160000200001400000000
10000000000011280000100002700000000
10000000000011360000200080000000000
10000000000011370008500042500000000
10000000000011390000200029300000000
10000000000011410001400010600000000
10000000000011420008400128400000000
10000000000011430004800094400000000
10000000000011440000600033400000000
10000000000011450000400041300000000
10000000000011460000100017100000000
10000000000013010014700049100000000
10000000000013020000600025000000000
10000000000013030002900018300000000
10000000000013040000400090300000000
10000000000013050000400013200000000
10000000000013060001900010200000000
10000000000013110003000013500000000
10000000000013130000300017300000000
10000000000013140000100008000000000
10000000000013150000400072600000000
10000000000013160000100008800000000
10000000000013180000400059900000000
10000000000013190002100057300000000
10000000000013280001200021100000000
10000000000013300000600009100000000
10000000000013310000900022200000000
10000000000013320001700014000000000
10000000000013330000900006800000000
10000000000013340000600005300000000
10000000000013350006900074600000000
10000000000013360001300009600000000
10000000000013370000200020800000000
10000000000013380000200079600000000
10000000000013390004200023200000000
10000000000013410000200038600000000
