10000000000032010004800003600000000
10000000000032030000700004500000000
10000000000032040010800034000000000
10000000000032050001400274400000000
10000000000032060000300038700000000
10000000000032070000200012100000000
10000000000032080000600071400000000
10000000000032090000300017500000000
10000000000032140000100008500000000
10000000000032210000100025800000000
10000000000032220000300032200000000
10000000000032230006700033100000000
10000000000032240000900013800000000
10000000000032250002800086600000000
10000000000032270000900013600000000
10000000000032310002200011400000000
10000000000032320000600113100000000
10000000000032560000100016900000000
10000000000032570000100004300000000
10000000000032580000100052700000000
10000000000032760000200049500000000
10000000000032770006400086900000000
10000000000032780000300032600000000
10000000000032790000100009800000000
10000000000032800000200034100000000
10000000000032810000400070600000000
10000000000032840000200011900000000
10000000000033010009100099800000000
10000000000033020001000091900000000
10000000000033030004800066100000000
10000000000033040000300047300000000
10000000000033050000400050800000000
10000000000033060000200037700000000
10000000000033080002500019700000000
10000000000033090003300043300000000
10000000000033100000500051500000000
10000000000033110000100008200000000
10000000000033120000100017700000000
10000000000033130000100011600000000
10000000000033260000200023800000000
10000000000033510000100000200000000
10000000000033530000100018300000000
10000000000033540001200013200000000
10000000000033550005500047800000000
10000000000033560000100000500000000
10000000000033570000100039000000000
10000000000033590000100003800000000
10000000000033600000100012500000000
10000000000033610004000063100000000
10000000000033620000200001900000000
10000000000033630000100005600000000
10000000000033810004200015800000000
10000000000033820000800019100000000
10000000000034660000200015400000000
10000000000034670000600107200000000
10000000000034680000200016500000000
