10000000000050010000600019600000000
10000000000050020001000010800000000
10000000000050030000200012100000000
10000000000050050000700006100000000
10000000000050310000100016500000000
10000000000050410002800008900000000
10000000000050420000300037600000000
10000000000051000000100013200000000
10000000000051010000600027200000000
10000000000051030000100013000000000
10000000000051040001500017000000000
10000000000051050003400031200000000
10000000000051060000100000600000000
10000000000051070000100007100000000
10000000000051080000100004700000000
