10000000000008590000300000200000000
10000000000009120000500074800000000
10000000000011740028000302500000000
10000000000011810000200053500000000
10000000000021760000100024700000000
10000000000033150048500103200000000
10000000000034270000800134900000000
10000000000047060004600033000000000
10000000000047070017900168100000000
10000000000047080000200093300000000
10000000000047090000200047800000000
10000000000047100001400236700000000
10000000000047110000200031800000000
10000000000047120006000048000000000
10000000000047130000200032500000000
10000000000047140000700079700000000
10000000000047150000100003100000000
10000000000052310000700096300000000
10000000000056050001000065600000000
10000000000056240000100016400000000
10000000000056250001100009400000000
10000000000056260001200215300000000
10000000000056270015300138600000000
10000000000056280005000026400000000
10000000000061190094000186700000000
10000000000061280002400008800000000
10000000000069570000500001600000000
10000000000070430000100006800000000
10000000000070620000600082100000000
10000000000070640001800003500000000
10000000000071860002100014100000000
10000000000073500005500041700000000
10000000000073520002600006700000000
10000000000074760008700040000000000
10000000000074820001100012100000000
10000000000075260006900067500000000
10000000000076040000800003000000000
10000000000076080000600053900000000
10000000000076360000200018900000000
10000000000082670000500002400000000
