10000000000020020000200033200000000
10000000000050000000200040000000000
10000000000050010000400040500000000
10000000000050020000100006000000000
10000000000050030001200060600000000
10000000000050040000200025200000000
10000000000050050000200049600000000
10000000000050070000100016500000000
10000000000050410000300024300000000
10000000000050420000100018700000000
10000000000050430000200027400000000
10000000000050440000100008800000000
10000000000050450003000006200000000
10000000000051000000300028500000000
10000000000051010000600026800000000
